0 0.042808 0.376083 0.223050 0.308492 0.292374 0.348354 0.233449 0.464471 0.243847 0.521664 0.129463 0.511265 0.049740 0.540728 0.013345 0.455806 0.028943 0.376083 0.042808 0.376083
0 0.053206 0.564991 0.049740 0.670711 0.108665 0.837088 0.184922 0.868284 0.307972 0.828423 0.349567 0.667244 0.321837 0.590988 0.275043 0.547660 0.049740 0.552860 0.053206 0.564991
0 0.377296 0.618718 0.460485 0.566724 0.552340 0.566724 0.609532 0.641248 0.630329 0.828423 0.595667 0.942808 0.491681 0.958406 0.368631 0.854419 0.342634 0.726170 0.377296 0.618718
0 0.649393 0.556326 0.782842 0.532062 0.885095 0.575390 0.911092 0.688042 0.898960 0.809359 0.852166 0.885615 0.722184 0.882149 0.652860 0.795494 0.618198 0.625650 0.649393 0.556326
0 0.810572 0.313692 0.909359 0.291161 0.968284 0.407279 0.976950 0.573657 0.923224 0.604853 0.800173 0.523397 0.753380 0.462738 0.756846 0.377816 0.810572 0.313692
0 0.836568 0.093588 0.890295 0.084922 0.944021 0.126516 0.976950 0.213172 0.961352 0.334489 0.784575 0.313692 0.798440 0.162912 0.836568 0.093588
0 0.638995 0.152513 0.730849 0.060659 0.814038 0.145581 0.775910 0.287695 0.644194 0.239168 0.632062 0.143847 0.638995 0.152513
0 0.500347 0.090121 0.602600 0.074523 0.638995 0.126516 0.623397 0.246101 0.555806 0.292894 0.498613 0.218371 0.500347 0.090121
0 0.290641 0.136915 0.347834 0.036395 0.439688 0.064125 0.491681 0.164645 0.472617 0.228769 0.346100 0.253033 0.288908 0.190641 0.276776 0.135182 0.290641 0.136915
0 0.195321 0.131716 0.120797 0.292894 0.112132 0.329289 0.325303 0.334489 0.342634 0.256499 0.195321 0.131716
0 0.528076 0.348354 0.604333 0.320624 0.708319 0.320624 0.746447 0.379549 0.742981 0.530329 0.612998 0.584055 0.557539 0.584055 0.514211 0.518198 0.495147 0.435009 0.528076 0.348354
0 0.363432 0.343154 0.496880 0.410745 0.559272 0.410745 0.552340 0.292894 0.465685 0.223570 0.379029 0.225303 0.354766 0.320624 0.363432 0.343154
0 0.314905 0.374350 0.505546 0.422877 0.535009 0.495667 0.493414 0.551127 0.368631 0.599653 0.271577 0.530329 0.247314 0.443674 0.314905 0.374350