3 0.167591 0.015598 0.158925 0.046794 0.155459 0.091854 0.169324 0.116118 0.184922 0.140381 0.198787 0.168111 0.212652 0.195841 0.224783 0.199307 0.242114 0.201040 0.257712 0.171577 0.269844 0.147314 0.268111 0.123050 0.257712 0.109185 0.249047 0.091854 0.236915 0.074523 0.226516 0.057192 0.210919 0.038128 0.186655 0.008666 0.167591 0.015598
3 0.306239 0.140381 0.311438 0.178510 0.299307 0.197574 0.292374 0.216638 0.285442 0.239168 0.278510 0.263432 0.278510 0.270364 0.292374 0.280763 0.313172 0.292894 0.332236 0.296360 0.375563 0.258232 0.392894 0.251300 0.380763 0.209705 0.353033 0.171577 0.320104 0.138648 0.306239 0.140381
3 0.202253 0.230503 0.195321 0.253033 0.191854 0.272097 0.190121 0.301560 0.195321 0.306759 0.223050 0.324090 0.242114 0.332756 0.255979 0.341421 0.269844 0.322357 0.276776 0.296360 0.271577 0.279029 0.266378 0.258232 0.261178 0.232236 0.255979 0.216638 0.243847 0.213172 0.223050 0.213172 0.202253 0.230503
3 0.091334 0.064125 0.077470 0.081456 0.072270 0.109185 0.077470 0.133449 0.080936 0.159445 0.089601 0.175043 0.106932 0.145581 0.117331 0.143847 0.139861 0.150780 0.155459 0.147314 0.155459 0.133449 0.141594 0.112652 0.132929 0.086655 0.124263 0.069324 0.112132 0.058925 0.091334 0.064125
3 0.084402 0.202773 0.098267 0.216638 0.106932 0.228769 0.113865 0.232236 0.124263 0.230503 0.139861 0.246101 0.151993 0.258232 0.172790 0.263432 0.195321 0.240901 0.186655 0.199307 0.191854 0.187175 0.184922 0.176776 0.174523 0.164645 0.165858 0.157712 0.151993 0.147314 0.113865 0.145581 0.112132 0.145581 0.096534 0.166378 0.086135 0.188908 0.084402 0.202773
3 0.098267 0.263432 0.096534 0.282496 0.082669 0.299827 0.079203 0.306759 0.070537 0.320624 0.063605 0.334489 0.063605 0.351820 0.063605 0.362218 0.070537 0.370884 0.086135 0.389948 0.105199 0.402080 0.120797 0.417678 0.136395 0.422877 0.153726 0.409012 0.155459 0.386482 0.153726 0.360485 0.155459 0.329289 0.153726 0.305026 0.146794 0.261698 0.132929 0.237435 0.115598 0.230503 0.101733 0.235702 0.101733 0.253033 0.098267 0.263432
3 0.091334 0.443674 0.091334 0.459272 0.098267 0.467938 0.110399 0.481802 0.122530 0.493934 0.132929 0.502600 0.138128 0.507799 0.153726 0.507799 0.171057 0.497400 0.177990 0.490468 0.188388 0.471404 0.203986 0.452340 0.202253 0.431542 0.191854 0.422877 0.179723 0.415945 0.172790 0.415945 0.164125 0.412478 0.143328 0.415945 0.110399 0.424610 0.103466 0.428076 0.094801 0.435009 0.091334 0.443674
3 0.058406 0.507799 0.042808 0.535529 0.030676 0.542461 0.022010 0.549393 0.015078 0.556326 0.015078 0.563258 0.011612 0.575390 0.020277 0.584055 0.030676 0.603120 0.042808 0.611785 0.054939 0.639515 0.063605 0.653380 0.077470 0.663778 0.096534 0.667244 0.110399 0.655113 0.110399 0.639515 0.100000 0.618718 0.098267 0.587522 0.098267 0.561525 0.089601 0.523397 0.082669 0.495667 0.075737 0.499133 0.058406 0.507799
3 0.205719 0.474870 0.202253 0.504333 0.198787 0.535529 0.198787 0.566724 0.228250 0.604853 0.255979 0.625650 0.278510 0.667244 0.290641 0.682842 0.292374 0.670711 0.297574 0.625650 0.285442 0.597920 0.275043 0.575390 0.257712 0.549393 0.247314 0.518198 0.231716 0.478336 0.219584 0.461005 0.209185 0.457539 0.205719 0.474870
3 0.158925 0.577123 0.146794 0.596187 0.134662 0.613518 0.129463 0.639515 0.124263 0.672444 0.139861 0.694974 0.153726 0.743501 0.164125 0.757366 0.174523 0.757366 0.188388 0.726170 0.183189 0.700173 0.190121 0.655113 0.190121 0.611785 0.193587 0.570191 0.172790 0.570191 0.158925 0.577123
3 0.106932 0.682842 0.067071 0.694974 0.054939 0.701906 0.049740 0.762565 0.042808 0.779896 0.035875 0.795494 0.051473 0.811092 0.051473 0.821490 0.070537 0.824957 0.124263 0.819757 0.124263 0.798960 0.122530 0.778163 0.129463 0.766031 0.141594 0.760832 0.132929 0.734835 0.124263 0.708839 0.112132 0.691508 0.106932 0.682842
3 0.243847 0.819757 0.216118 0.790295 0.191854 0.774697 0.162392 0.766031 0.132929 0.771231 0.125997 0.778163 0.136395 0.804159 0.148527 0.818024 0.162392 0.838821 0.181456 0.866551 0.197054 0.882149 0.214385 0.882149 0.235182 0.882149 0.243847 0.878683 0.271577 0.854419 0.271577 0.838821 0.243847 0.819757
3 0.223050 0.622184 0.195321 0.681109 0.191854 0.710572 0.223050 0.722704 0.281976 0.743501 0.297574 0.736568 0.304506 0.729636 0.278510 0.682842 0.255979 0.649913 0.235182 0.629116 0.223050 0.622184
3 0.266378 0.766031 0.330503 0.743501 0.340901 0.750433 0.346100 0.793761 0.351300 0.833622 0.351300 0.882149 0.346100 0.913345 0.325303 0.908146 0.302773 0.883882 0.281976 0.889081 0.276776 0.861352 0.273310 0.802426 0.266378 0.766031
3 0.418891 0.694974 0.444887 0.790295 0.434489 0.870017 0.422357 0.880416 0.401560 0.882149 0.396360 0.885615 0.389428 0.889081 0.375563 0.875217 0.373830 0.835355 0.380763 0.771231 0.387695 0.734835 0.410225 0.700173 0.418891 0.694974
3 0.314905 0.925477 0.333969 0.928943 0.365165 0.932409 0.368631 0.934142 0.396360 0.963605 0.415425 0.986135 0.418891 0.996534 0.318371 0.998267 0.307972 0.998267 0.301040 0.980936 0.301040 0.967071 0.304506 0.939341 0.304506 0.923744 0.314905 0.925477
3 0.262912 0.906412 0.249047 0.946274 0.242114 0.960139 0.236915 0.980936 0.238648 0.993068 0.245581 0.998267 0.275043 0.998267 0.281976 0.998267 0.295841 0.986135 0.271577 0.904679 0.262912 0.906412
3 0.210919 0.909879 0.186655 0.904679 0.165858 0.902946 0.151993 0.904679 0.139861 0.942808 0.141594 0.961872 0.139861 0.979203 0.139861 0.991334 0.229983 1.000000 0.228250 0.909879 0.210919 0.909879
3 0.483016 0.724437 0.498613 0.736568 0.496880 0.778163 0.493414 0.837088 0.488215 0.883882 0.491681 0.897747 0.441421 0.878683 0.439688 0.840555 0.453553 0.771231 0.458752 0.729636 0.483016 0.724437
3 0.410225 0.906412 0.410225 0.923744 0.417158 0.951473 0.424090 0.974003 0.436222 0.994801 0.443154 0.996534 0.467418 0.975737 0.470884 0.975737 0.479549 0.994801 0.486482 0.991334 0.496880 0.975737 0.496880 0.918544 0.479549 0.899480 0.467418 0.894281 0.451820 0.889081 0.427556 0.887348 0.415425 0.885615 0.401560 0.897747 0.410225 0.906412
3 0.515945 0.892548 0.548873 0.890815 0.576603 0.927210 0.576603 0.994801 0.512478 1.000000 0.509012 0.948007 0.509012 0.908146 0.515945 0.892548
3 0.533276 0.757366 0.555806 0.746967 0.578336 0.750433 0.604333 0.752166 0.614731 0.779896 0.604333 0.854419 0.588735 0.870017 0.576603 0.868284 0.562738 0.856153 0.535009 0.833622 0.521144 0.814558 0.515945 0.790295 0.517678 0.764298 0.533276 0.757366
3 0.632062 0.797227 0.637262 0.838821 0.647660 0.868284 0.659792 0.896014 0.664991 0.916811 0.666724 0.937608 0.677123 0.958406 0.680589 0.968804 0.678856 0.984402 0.652860 0.974003 0.611265 0.946274 0.604333 0.928943 0.600867 0.896014 0.600867 0.873484 0.632062 0.797227
3 0.715251 0.847487 0.696187 0.878683 0.690988 0.916811 0.689255 0.949740 0.699653 0.979203 0.701386 0.996534 0.753380 0.989601 0.763778 0.970537 0.756846 0.913345 0.746447 0.880416 0.715251 0.847487
3 0.784575 0.726170 0.775910 0.748700 0.763778 0.778163 0.744714 0.850953 0.755113 0.889081 0.777643 0.932409 0.789775 0.963605 0.829636 0.906412 0.833102 0.896014 0.827903 0.850953 0.822704 0.804159 0.814038 0.769497 0.794974 0.729636 0.784575 0.726170
3 0.545407 0.587522 0.595667 0.570191 0.611265 0.564991 0.628596 0.573657 0.635529 0.601386 0.638995 0.627383 0.625130 0.677643 0.623397 0.705373 0.604333 0.726170 0.583535 0.717504 0.569671 0.705373 0.555806 0.674177 0.547140 0.642981 0.543674 0.599653 0.545407 0.587522
3 0.481282 0.551127 0.500347 0.556326 0.515945 0.563258 0.522877 0.570191 0.529809 0.611785 0.543674 0.639515 0.550607 0.668977 0.545407 0.686308 0.531542 0.694974 0.507279 0.707106 0.493414 0.707106 0.486482 0.705373 0.470884 0.674177 0.465685 0.636049 0.463951 0.603120 0.469151 0.568458 0.481282 0.551127
3 0.415425 0.538995 0.441421 0.537262 0.448354 0.542461 0.457019 0.563258 0.462218 0.590988 0.462218 0.611785 0.457019 0.632582 0.455286 0.637782 0.450087 0.639515 0.401560 0.639515 0.396360 0.613518 0.396360 0.584055 0.394627 0.564991 0.396360 0.535529 0.415425 0.538995
3 0.327036 0.547660 0.358232 0.549393 0.370364 0.559792 0.375563 0.575390 0.375563 0.603120 0.373830 0.625650 0.370364 0.637782 0.370364 0.665511 0.370364 0.689775 0.356499 0.689775 0.333969 0.696707 0.320104 0.701906 0.309705 0.701906 0.299307 0.681109 0.301040 0.636049 0.299307 0.616984 0.299307 0.584055 0.313172 0.558059 0.327036 0.547660
3 0.299307 0.407279 0.276776 0.424610 0.257712 0.443674 0.255979 0.474870 0.254246 0.506066 0.254246 0.518198 0.259445 0.545927 0.269844 0.556326 0.299307 0.571924 0.299307 0.571924 0.307972 0.545927 0.314905 0.514731 0.314905 0.493934 0.325303 0.431542 0.314905 0.407279 0.299307 0.407279
3 0.174523 0.322357 0.172790 0.334489 0.176256 0.369151 0.177990 0.396880 0.188388 0.415945 0.205719 0.424610 0.223050 0.436742 0.229983 0.435009 0.257712 0.389948 0.257712 0.370884 0.240381 0.353553 0.209185 0.327556 0.186655 0.308492 0.172790 0.301560 0.174523 0.322357
3 0.295841 0.315425 0.281976 0.327556 0.268111 0.337955 0.266378 0.344887 0.275043 0.369151 0.292374 0.383016 0.299307 0.393414 0.307972 0.384749 0.347834 0.322357 0.359965 0.306759 0.354766 0.296360 0.320104 0.299827 0.311438 0.299827 0.295841 0.315425
3 0.394627 0.279029 0.410225 0.279029 0.413691 0.294627 0.420624 0.324090 0.425823 0.367418 0.424090 0.386482 0.387695 0.396880 0.366898 0.402080 0.361698 0.348354 0.368631 0.325823 0.368631 0.303293 0.370364 0.289428 0.394627 0.279029
3 0.346100 0.381282 0.342634 0.402080 0.340901 0.415945 0.335702 0.452340 0.333969 0.467938 0.333969 0.507799 0.333969 0.528596 0.351300 0.530329 0.382496 0.532062 0.401560 0.514731 0.410225 0.495667 0.410225 0.467938 0.382496 0.438475 0.361698 0.393414 0.354766 0.383016 0.346100 0.381282
3 0.441421 0.426343 0.493414 0.419411 0.488215 0.452340 0.486482 0.514731 0.486482 0.535529 0.474350 0.545927 0.444887 0.511265 0.422357 0.485269 0.413691 0.450607 0.424090 0.426343 0.432756 0.417678 0.441421 0.426343
3 0.517678 0.445407 0.507279 0.474870 0.507279 0.499133 0.536742 0.525130 0.554073 0.540728 0.574870 0.549393 0.597400 0.547660 0.611265 0.535529 0.612998 0.519931 0.599133 0.493934 0.581802 0.473137 0.564471 0.452340 0.550607 0.438475 0.517678 0.445407
3 0.569671 0.298094 0.524610 0.334489 0.541941 0.376083 0.567938 0.426343 0.581802 0.459272 0.621664 0.417678 0.614731 0.383016 0.609532 0.362218 0.585269 0.320624 0.578336 0.301560 0.569671 0.298094
3 0.465685 0.285962 0.495147 0.299827 0.502080 0.310225 0.528076 0.362218 0.535009 0.393414 0.540208 0.403813 0.500347 0.407279 0.465685 0.398614 0.443154 0.398614 0.436222 0.396880 0.437955 0.362218 0.437955 0.325823 0.437955 0.301560 0.465685 0.285962
3 0.638995 0.424610 0.651126 0.433276 0.666724 0.441941 0.671924 0.445407 0.684055 0.467938 0.687522 0.499133 0.684055 0.526863 0.675390 0.542461 0.638995 0.547660 0.628596 0.530329 0.623397 0.474870 0.621664 0.452340 0.628596 0.424610 0.630329 0.422877 0.638995 0.424610
3 0.659792 0.584055 0.692721 0.571924 0.708319 0.587522 0.718717 0.611785 0.725650 0.641248 0.722184 0.681109 0.711785 0.708839 0.694454 0.707106 0.680589 0.674177 0.658059 0.653380 0.652860 0.623917 0.651126 0.597920 0.659792 0.584055
3 0.729116 0.492201 0.694454 0.518198 0.692721 0.535529 0.690988 0.570191 0.710052 0.594454 0.727383 0.618718 0.737782 0.637782 0.756846 0.637782 0.770711 0.625650 0.777643 0.604853 0.779376 0.590988 0.770711 0.547660 0.758579 0.509532 0.755113 0.502600 0.729116 0.492201
3 0.824437 0.610052 0.824437 0.636049 0.819237 0.701906 0.822704 0.741768 0.829636 0.769497 0.838302 0.783362 0.855633 0.785095 0.867764 0.767764 0.872964 0.741768 0.872964 0.703640 0.867764 0.674177 0.853899 0.637782 0.840035 0.610052 0.824437 0.610052
3 0.763778 0.424610 0.794974 0.429809 0.833102 0.445407 0.853899 0.450607 0.862565 0.499133 0.866031 0.538995 0.853899 0.571924 0.846967 0.597920 0.831369 0.597920 0.808839 0.618718 0.800173 0.618718 0.781109 0.556326 0.765511 0.512998 0.756846 0.471404 0.763778 0.424610
3 0.930156 0.452340 0.862565 0.452340 0.864298 0.462738 0.872964 0.488735 0.874697 0.526863 0.878163 0.537262 0.930156 0.561525 0.947487 0.563258 0.945754 0.525130 0.937088 0.487002 0.930156 0.452340
3 0.883362 0.561525 0.904159 0.559792 0.918024 0.573657 0.942288 0.585789 0.950953 0.599653 0.952686 0.625650 0.956152 0.644714 0.931889 0.663778 0.930156 0.670711 0.881629 0.653380 0.864298 0.641248 0.853899 0.629116 0.852166 0.611785 0.857366 0.594454 0.857366 0.571924 0.871230 0.558059 0.883362 0.561525
3 0.885095 0.776430 0.890295 0.798960 0.879896 0.828423 0.862565 0.854419 0.840035 0.847487 0.833102 0.802426 0.829636 0.792028 0.857366 0.792028 0.860832 0.772964 0.872964 0.757366 0.881629 0.767764 0.885095 0.776430
3 0.909359 0.766031 0.914558 0.783362 0.924957 0.771231 0.933622 0.740035 0.947487 0.705373 0.945754 0.752166 0.964818 0.774697 0.978683 0.798960 0.990815 0.769497 0.971750 0.724437 0.961352 0.696707 0.926690 0.681109 0.895494 0.667244 0.874697 0.663778 0.867764 0.674177 0.888561 0.729636 0.909359 0.766031
3 0.685789 0.313692 0.666724 0.350087 0.689255 0.417678 0.710052 0.466205 0.720451 0.495667 0.756846 0.431542 0.763778 0.414211 0.746447 0.395147 0.730849 0.383016 0.722184 0.374350 0.711785 0.357019 0.708319 0.343154 0.685789 0.313692
3 0.415425 0.079723 0.399827 0.138648 0.398094 0.190641 0.431022 0.194107 0.453553 0.194107 0.479549 0.187175 0.458752 0.161179 0.451820 0.147314 0.448354 0.124783 0.437955 0.105719 0.424090 0.077990 0.415425 0.079723
3 0.361698 0.001733 0.365165 0.025997 0.372097 0.051993 0.366898 0.071057 0.347834 0.091854 0.327036 0.098787 0.313172 0.112652 0.309705 0.091854 0.309705 0.072790 0.306239 0.043328 0.307972 0.015598 0.313172 0.000000 0.361698 0.001733
3 0.479549 0.005199 0.455286 0.022530 0.458752 0.064125 0.458752 0.098787 0.486482 0.084922 0.507279 0.084922 0.521144 0.084922 0.548873 0.060659 0.555806 0.025997 0.555806 0.000000 0.489948 0.000000 0.479549 0.005199
3 0.543674 0.086655 0.562738 0.098787 0.567938 0.126516 0.562738 0.133449 0.538475 0.135182 0.514211 0.138648 0.495147 0.138648 0.474350 0.131716 0.458752 0.119584 0.484749 0.091854 0.495147 0.088388 0.507279 0.086655 0.543674 0.086655
3 0.871230 0.171577 0.866031 0.197574 0.848700 0.237435 0.857366 0.273830 0.862565 0.289428 0.888561 0.289428 0.902426 0.298094 0.914558 0.282496 0.919757 0.233969 0.909359 0.195841 0.902426 0.175043 0.871230 0.171577
3 0.857366 0.329289 0.881629 0.331023 0.893761 0.329289 0.902426 0.320624 0.912825 0.322357 0.926690 0.337955 0.930156 0.351820 0.940555 0.370884 0.931889 0.403813 0.933622 0.431542 0.935355 0.438475 0.892028 0.441941 0.885095 0.441941 0.867764 0.431542 0.857366 0.410745 0.841768 0.346620 0.841768 0.334489 0.857366 0.329289
3 0.798440 0.291161 0.777643 0.337955 0.779376 0.370884 0.788042 0.398614 0.791508 0.407279 0.848700 0.426343 0.840035 0.346620 0.834835 0.306759 0.826170 0.292894 0.798440 0.291161
3 0.654593 0.112652 0.640728 0.145581 0.652860 0.199307 0.652860 0.216638 0.722184 0.258232 0.716984 0.161179 0.678856 0.117851 0.666724 0.105719 0.654593 0.112652
3 0.748180 0.086655 0.732582 0.097054 0.736048 0.147314 0.736048 0.168111 0.758579 0.180243 0.777643 0.188908 0.784575 0.138648 0.784575 0.119584 0.770711 0.098787 0.756846 0.088388 0.748180 0.086655
3 0.815771 0.077990 0.874697 0.067591 0.883362 0.091854 0.886828 0.133449 0.878163 0.154246 0.843501 0.195841 0.833102 0.173310 0.819237 0.154246 0.812305 0.133449 0.805373 0.119584 0.801906 0.098787 0.815771 0.077990
3 0.814038 0.277296 0.794974 0.256499 0.784575 0.228769 0.781109 0.202773 0.784575 0.155979 0.788042 0.133449 0.796707 0.131716 0.814038 0.169844 0.833102 0.185442 0.843501 0.207972 0.846967 0.225303 0.845234 0.253033 0.829636 0.272097 0.814038 0.277296
3 0.619931 0.221837 0.623397 0.270364 0.625130 0.299827 0.652860 0.306759 0.682322 0.308492 0.708319 0.308492 0.706586 0.270364 0.701386 0.253033 0.680589 0.244367 0.658059 0.221837 0.637262 0.209705 0.619931 0.206239 0.619931 0.221837
3 0.587002 0.188908 0.638995 0.202773 0.637262 0.194107 0.632062 0.171577 0.628596 0.143847 0.618198 0.100520 0.607799 0.076256 0.583535 0.069324 0.574870 0.071057 0.573137 0.116118 0.576603 0.157712 0.587002 0.188908
3 0.538475 0.199307 0.580069 0.213172 0.590468 0.230503 0.607799 0.277296 0.606066 0.287695 0.585269 0.289428 0.573137 0.287695 0.566204 0.292894 0.538475 0.308492 0.533276 0.311958 0.517678 0.308492 0.502080 0.292894 0.498613 0.230503 0.500347 0.199307 0.507279 0.183709 0.529809 0.202773 0.538475 0.199307
3 0.666724 0.001733 0.619931 0.000000 0.630329 0.029463 0.635529 0.050260 0.630329 0.071057 0.632062 0.095321 0.663258 0.100520 0.675390 0.091854 0.671924 0.038128 0.666724 0.022530 0.666724 0.001733
3 0.872964 0.010399 0.874697 0.025997 0.862565 0.034662 0.846967 0.041594 0.824437 0.050260 0.810572 0.050260 0.798440 0.050260 0.788042 0.043328 0.784575 0.031196 0.791508 0.008666 0.807106 0.001733 0.872964 0.001733 0.872964 0.010399
3 0.706586 0.013865 0.718717 0.036395 0.713518 0.053726 0.699653 0.072790 0.690988 0.064125 0.671924 0.022530 0.673657 0.006932 0.680589 0.001733 0.697920 0.003466 0.706586 0.013865
3 0.585269 0.051993 0.614731 0.048527 0.618198 0.015598 0.604333 0.000000 0.574870 0.000000 0.569671 0.000000 0.562738 0.019064 0.554073 0.038128 0.548873 0.067591 0.569671 0.064125 0.585269 0.051993