0 0.340901 0.091854 0.354766 0.225303 0.422357 0.422877 0.495147 0.578856 0.515945 0.660312 0.590468 0.625650 0.611265 0.483536 0.632062 0.360485 0.562738 0.227036 0.509012 0.105719 0.455286 0.029463 0.398094 0.020797 0.340901 0.091854
0 0.243847 0.173310 0.120797 0.360485 0.028943 0.473137 0.009879 0.637782 0.061872 0.698440 0.132929 0.662045 0.224783 0.493934 0.288908 0.431542 0.342634 0.322357 0.344367 0.204506 0.321837 0.123050 0.287175 0.107452 0.243847 0.173310
0 0.361698 0.384749 0.306239 0.376083 0.287175 0.478336 0.212652 0.542461 0.195321 0.597920 0.190121 0.672444 0.184922 0.769497 0.266378 0.850953 0.327036 0.896014 0.411958 0.923744 0.486482 0.863085 0.493414 0.729636 0.500347 0.629116 0.462218 0.566724 0.424090 0.514731 0.415425 0.447140 0.361698 0.384749
0 0.796707 0.313692 0.756846 0.384749 0.734315 0.551127 0.690988 0.748700 0.694454 0.873484 0.742981 0.946274 0.827903 0.899480 0.866031 0.708839 0.890295 0.592721 0.867764 0.509532 0.898960 0.424610 0.900693 0.256499 0.826170 0.265165 0.788042 0.320624 0.784575 0.318891 0.796707 0.313692
0 0.652860 0.126516 0.677123 0.214905 0.703120 0.320624 0.755113 0.384749 0.727383 0.473137 0.673657 0.447140 0.592201 0.204506 0.649393 0.105719 0.652860 0.126516
0 0.020277 0.847487 0.119064 0.755633 0.174523 0.785095 0.268111 0.885615 0.283709 0.987868 0.032409 1.000000 0.020277 0.847487
0 0.521144 0.894281 0.444887 0.998267 0.654593 1.000000 0.628596 0.918544 0.588735 0.885615 0.521144 0.894281
0 0.590468 0.646447 0.536742 0.771231 0.566204 0.873484 0.640728 0.909879 0.696187 0.896014 0.680589 0.779896 0.701386 0.670711 0.708319 0.596187 0.611265 0.599653 0.588735 0.660312 0.590468 0.646447
0 0.859099 0.852686 0.820971 0.965338 0.833102 0.998267 0.956152 1.000000 1.000000 1.000000 1.000000 0.968804 0.999480 0.923744 0.928423 0.875217 0.859099 0.852686
0 0.923224 0.424610 0.944021 0.421144 0.996014 0.467938 0.999480 0.485269 1.000000 0.852686 0.994281 0.902946 0.909359 0.870017 0.866031 0.809359 0.893761 0.606586 0.897227 0.490468 0.914558 0.424610 0.923224 0.424610
0 0.035875 0.242634 0.015078 0.258232 0.108665 0.251300 0.134662 0.284229 0.125997 0.337955 0.009879 0.495667 0.000000 0.268631 0.035875 0.242634
0 0.664991 0.029463 0.644194 0.050260 0.600867 0.195841 0.463951 0.008666 0.772444 0.000000 0.737782 0.045061 0.706586 0.062392 0.664991 0.029463