2 0.853899 0.225303 0.876430 0.325823 0.893761 0.383016 0.938821 0.346620 0.976950 0.246101 0.976950 0.152513 0.924957 0.114385 0.876430 0.140381 0.853899 0.225303
2 0.867764 0.064125 0.796707 0.152513 0.742981 0.292894 0.751646 0.322357 0.767244 0.344887 0.796707 0.280763 0.833102 0.218371 0.892028 0.112652 0.893761 0.065858 0.867764 0.064125
2 0.358232 0.057192 0.382496 0.126516 0.405026 0.223570 0.450087 0.303293 0.479549 0.175043 0.479549 0.100520 0.431022 0.067591 0.392894 0.053726 0.358232 0.057192
2 0.347834 0.292894 0.318371 0.383016 0.325303 0.424610 0.361698 0.466205 0.385962 0.474870 0.405026 0.409012 0.450087 0.310225 0.437955 0.279029 0.415425 0.266898 0.387695 0.266898 0.358232 0.273830 0.347834 0.292894
2 0.526343 0.480069 0.509012 0.516464 0.510745 0.566724 0.531542 0.618718 0.578336 0.637782 0.609532 0.620451 0.625130 0.570191 0.619931 0.514731 0.604333 0.490468 0.548873 0.466205 0.526343 0.480069
2 0.651126 0.648180 0.706586 0.535529 0.722184 0.563258 0.708319 0.644714 0.704853 0.694974 0.715251 0.736568 0.720451 0.790295 0.701386 0.793761 0.687522 0.800693 0.645927 0.740035 0.630329 0.688042 0.628596 0.637782 0.651126 0.648180
2 0.800173 0.455806 0.772444 0.478336 0.772444 0.535529 0.758579 0.613518 0.742981 0.688042 0.751646 0.710572 0.770711 0.707106 0.824437 0.672444 0.846967 0.646447 0.853899 0.596187 0.845234 0.514731 0.845234 0.473137 0.817504 0.452340 0.800173 0.455806
2 0.257712 0.760832 0.314905 0.771231 0.332236 0.778163 0.340901 0.821490 0.337435 0.880416 0.333969 0.925477 0.327036 0.948007 0.273310 0.942808 0.240381 0.930676 0.214385 0.908146 0.209185 0.880416 0.229983 0.802426 0.229983 0.764298 0.243847 0.753899 0.257712 0.760832
2 0.127730 0.393414 0.125997 0.438475 0.125997 0.495667 0.113865 0.549393 0.112132 0.608319 0.131196 0.623917 0.181456 0.625650 0.184922 0.575390 0.190121 0.521664 0.191854 0.473137 0.186655 0.436742 0.167591 0.388215 0.138128 0.362218 0.115598 0.376083 0.127730 0.393414
2 0.004679 0.216638 0.044541 0.230503 0.070537 0.230503 0.094801 0.232236 0.112132 0.185442 0.112132 0.147314 0.112132 0.114385 0.042808 0.076256 0.001213 0.071057 0.004679 0.216638
2 0.122530 0.008666 0.131196 0.069324 0.174523 0.175043 0.188388 0.195841 0.214385 0.204506 0.233449 0.114385 0.198787 0.050260 0.171057 0.000000 0.122530 0.008666
2 0.212652 0.277296 0.249047 0.370884 0.264645 0.407279 0.269844 0.445407 0.216118 0.500867 0.188388 0.485269 0.176256 0.426343 0.174523 0.362218 0.181456 0.313692 0.202253 0.279029 0.212652 0.277296
2 0.541941 0.072790 0.526343 0.117851 0.541941 0.168111 0.559272 0.190641 0.614731 0.195841 0.635529 0.180243 0.645927 0.147314 0.645927 0.105719 0.623397 0.069324 0.564471 0.071057 0.541941 0.072790
2 0.422357 0.443674 0.439688 0.441941 0.510745 0.395147 0.555806 0.369151 0.578336 0.332756 0.576603 0.308492 0.559272 0.306759 0.528076 0.315425 0.491681 0.327556 0.450087 0.357019 0.431022 0.391681 0.422357 0.443674
2 0.666724 0.339688 0.701386 0.329289 0.716984 0.363951 0.722184 0.398614 0.734315 0.435009 0.739515 0.459272 0.699653 0.509532 0.671924 0.528596 0.616464 0.485269 0.606066 0.424610 0.609532 0.396880 0.618198 0.388215 0.638995 0.410745 0.652860 0.407279 0.666724 0.339688
2 0.250780 0.500867 0.281976 0.514731 0.292374 0.525130 0.295841 0.558059 0.297574 0.623917 0.287175 0.653380 0.261178 0.655113 0.223050 0.644714 0.183189 0.636049 0.167591 0.592721 0.176256 0.544194 0.202253 0.512998 0.250780 0.500867
2 0.361698 0.715771 0.356499 0.750433 0.354766 0.800693 0.353033 0.828423 0.359965 0.854419 0.387695 0.866551 0.431022 0.875217 0.451820 0.876950 0.457019 0.850953 0.465685 0.797227 0.469151 0.757366 0.465685 0.741768 0.451820 0.729636 0.398094 0.717504 0.361698 0.715771
2 0.474350 0.856153 0.486482 0.890815 0.496880 0.927210 0.514211 0.948007 0.548873 0.972270 0.574870 0.977470 0.585269 0.961872 0.593934 0.942808 0.581802 0.880416 0.576603 0.854419 0.555806 0.826690 0.524610 0.805893 0.496880 0.783362 0.472617 0.769497 0.465685 0.812825 0.474350 0.856153
2 0.647660 0.863085 0.654593 0.828423 0.678856 0.812825 0.715251 0.809359 0.763778 0.818024 0.789775 0.824957 0.777643 0.849220 0.758579 0.876950 0.720451 0.916811 0.716984 0.916811 0.708319 0.920277 0.659792 0.883882 0.647660 0.863085
2 0.931889 0.798960 0.897227 0.821490 0.879896 0.845754 0.845234 0.889081 0.831369 0.909879 0.846967 0.942808 0.871230 0.970537 0.878163 0.972270 0.898960 0.948007 0.902426 0.889081 0.916291 0.863085 0.926690 0.814558 0.931889 0.798960
2 0.822704 0.733102 0.872964 0.727903 0.926690 0.705373 0.957886 0.700173 0.980416 0.686308 0.971750 0.636049 0.957886 0.618718 0.898960 0.615251 0.855633 0.623917 0.794974 0.681109 0.753380 0.729636 0.749913 0.738302 0.767244 0.746967 0.822704 0.733102
2 0.928423 0.381282 0.931889 0.452340 0.919757 0.502600 0.930156 0.514731 0.954419 0.521664 0.968284 0.519931 0.976950 0.512998 1.000000 0.467938 1.000000 0.376083 0.968284 0.325823 0.944021 0.318891 0.926690 0.346620 0.928423 0.381282
2 0.502080 0.693241 0.541941 0.665511 0.569671 0.670711 0.587002 0.705373 0.583535 0.750433 0.557539 0.767764 0.528076 0.774697 0.509012 0.766031 0.491681 0.755633 0.483016 0.733102 0.488215 0.703640 0.502080 0.693241
2 0.292374 0.155979 0.330503 0.152513 0.361698 0.147314 0.384229 0.154246 0.389428 0.227036 0.380763 0.272097 0.361698 0.301560 0.353033 0.306759 0.314905 0.275563 0.307972 0.242634 0.302773 0.204506 0.297574 0.178510 0.292374 0.155979
2 0.112132 0.805893 0.132929 0.824957 0.160659 0.788562 0.181456 0.771231 0.177990 0.743501 0.158925 0.698440 0.141594 0.658579 0.122530 0.630849 0.087868 0.616984 0.068804 0.625650 0.053206 0.662045 0.061872 0.694974 0.070537 0.719237 0.079203 0.750433 0.091334 0.783362 0.101733 0.804159 0.112132 0.805893
2 0.197054 0.975737 0.240381 0.951473 0.214385 0.916811 0.200520 0.889081 0.243847 0.805893 0.221317 0.793761 0.164125 0.800693 0.153726 0.798960 0.080936 0.812825 0.070537 0.812825 0.025477 0.854419 0.008146 0.904679 0.006412 0.937608 0.044541 0.937608 0.072270 0.944541 0.115598 0.975737 0.153726 1.000000 0.223050 1.000000 0.197054 0.975737
2 0.327036 0.528596 0.353033 0.473137 0.346100 0.431542 0.288908 0.419411 0.254246 0.428076 0.243847 0.473137 0.301040 0.535529 0.327036 0.528596
2 0.434489 0.523397 0.451820 0.542461 0.484749 0.526863 0.495147 0.497400 0.496880 0.461005 0.486482 0.441941 0.424090 0.438475 0.394627 0.452340 0.379029 0.500867 0.434489 0.523397
2 0.441421 0.573657 0.444887 0.613518 0.446620 0.656846 0.457019 0.701906 0.479549 0.708839 0.500347 0.686308 0.512478 0.668977 0.512478 0.630849 0.500347 0.601386 0.470884 0.556326 0.450087 0.554593 0.441421 0.573657