2 0.541941 0.190641 0.495147 0.292894 0.472617 0.350087 0.505546 0.409012 0.552340 0.431542 0.597400 0.407279 0.644194 0.251300 0.625130 0.190641 0.569671 0.180243 0.541941 0.190641
2 0.710052 0.159445 0.742981 0.155979 0.796707 0.173310 0.812305 0.192374 0.812305 0.246101 0.798440 0.305026 0.777643 0.358752 0.756846 0.376083 0.732582 0.369151 0.696187 0.329289 0.680589 0.270364 0.687522 0.185442 0.710052 0.159445
2 0.845234 0.265165 0.874697 0.285962 0.902426 0.310225 0.964818 0.346620 0.973484 0.376083 0.949220 0.436742 0.938821 0.459272 0.874697 0.445407 0.801906 0.402080 0.781109 0.374350 0.774177 0.311958 0.812305 0.280763 0.845234 0.265165
2 0.689255 0.452340 0.619931 0.488735 0.583535 0.521664 0.587002 0.552860 0.597400 0.575390 0.618198 0.599653 0.666724 0.611785 0.680589 0.632582 0.732582 0.620451 0.770711 0.549393 0.793241 0.476603 0.782842 0.429809 0.762045 0.424610 0.739515 0.422877 0.689255 0.452340
2 0.661525 0.266898 0.694454 0.337955 0.704853 0.391681 0.703120 0.433276 0.638995 0.490468 0.597400 0.492201 0.592201 0.454073 0.621664 0.308492 0.637262 0.259965 0.661525 0.266898
2 0.822704 0.549393 0.852166 0.570191 0.876430 0.573657 0.933622 0.568458 0.978683 0.559792 0.992548 0.554593 0.971750 0.514731 0.944021 0.499133 0.897227 0.473137 0.814038 0.419411 0.703120 0.367418 0.680589 0.400347 0.687522 0.436742 0.701386 0.435009 0.791508 0.428076 0.777643 0.538995 0.788042 0.549393 0.822704 0.549393
2 0.786308 0.603120 0.826170 0.584055 0.904159 0.590988 0.956152 0.604853 0.970017 0.648180 0.952686 0.693241 0.909359 0.714038 0.841768 0.726170 0.749913 0.736568 0.687522 0.712305 0.675390 0.660312 0.677123 0.634315 0.742981 0.611785 0.786308 0.603120
2 0.784575 0.757366 0.760312 0.772964 0.744714 0.809359 0.741248 0.835355 0.736048 0.958406 0.749913 0.974003 0.784575 0.980936 0.876430 0.939341 0.895494 0.882149 0.881629 0.824957 0.874697 0.786828 0.850433 0.757366 0.826170 0.741768 0.784575 0.743501 0.784575 0.757366
2 0.611265 0.738302 0.649393 0.719237 0.687522 0.719237 0.711785 0.740035 0.718717 0.786828 0.729116 0.868284 0.732582 0.923744 0.729116 0.954939 0.703120 0.958406 0.671924 0.944541 0.632062 0.923744 0.580069 0.890815 0.573137 0.802426 0.578336 0.760832 0.611265 0.738302
2 0.496880 0.708839 0.529809 0.743501 0.555806 0.786828 0.566204 0.845754 0.576603 0.906412 0.576603 0.961872 0.550607 0.980936 0.521144 0.979203 0.491681 0.951473 0.455286 0.918544 0.429289 0.883882 0.385962 0.807626 0.379029 0.764298 0.382496 0.736568 0.424090 0.717504 0.444887 0.708839 0.477816 0.705373 0.496880 0.708839
2 0.316638 0.734835 0.292374 0.757366 0.273310 0.798960 0.250780 0.830156 0.236915 0.875217 0.224783 0.934142 0.255979 0.958406 0.307972 0.967071 0.353033 0.965338 0.382496 0.954939 0.417158 0.930676 0.410225 0.896014 0.401560 0.850953 0.389428 0.805893 0.375563 0.771231 0.368631 0.752166 0.356499 0.729636 0.316638 0.734835
2 0.172790 0.672444 0.150260 0.679376 0.132929 0.707106 0.105199 0.729636 0.082669 0.757366 0.084402 0.783362 0.077470 0.805893 0.086135 0.837088 0.098267 0.859619 0.125997 0.889081 0.151993 0.906412 0.195321 0.930676 0.219584 0.916811 0.247314 0.816291 0.264645 0.778163 0.262912 0.741768 0.249047 0.715771 0.228250 0.694974 0.172790 0.672444
2 0.191854 0.611785 0.203986 0.603120 0.247314 0.587522 0.306239 0.590988 0.354766 0.603120 0.413691 0.618718 0.448354 0.632582 0.460485 0.662045 0.451820 0.694974 0.429289 0.719237 0.394627 0.719237 0.342634 0.714038 0.295841 0.714038 0.249047 0.705373 0.219584 0.694974 0.188388 0.667244 0.188388 0.646447 0.191854 0.611785
2 0.119064 0.441941 0.139861 0.438475 0.151993 0.448873 0.162392 0.469671 0.164125 0.500867 0.160659 0.530329 0.145061 0.599653 0.124263 0.658579 0.077470 0.672444 0.030676 0.634315 0.023743 0.601386 0.018544 0.556326 0.011612 0.528596 0.028943 0.487002 0.056672 0.452340 0.094801 0.438475 0.119064 0.441941
2 0.250780 0.476603 0.318371 0.452340 0.382496 0.459272 0.417158 0.480069 0.427556 0.521664 0.413691 0.570191 0.382496 0.590988 0.313172 0.594454 0.179723 0.611785 0.164125 0.606586 0.162392 0.551127 0.181456 0.506066 0.250780 0.476603
2 0.418891 0.091854 0.382496 0.131716 0.368631 0.181976 0.344367 0.223570 0.340901 0.246101 0.340901 0.292894 0.353033 0.341421 0.370364 0.346620 0.399827 0.320624 0.422357 0.306759 0.441421 0.292894 0.479549 0.169844 0.486482 0.112652 0.476083 0.086655 0.451820 0.081456 0.418891 0.091854
2 0.569671 0.046794 0.607799 0.013865 0.642461 0.001733 0.666724 0.017331 0.682322 0.038128 0.694454 0.058925 0.703120 0.095321 0.716984 0.119584 0.730849 0.154246 0.696187 0.173310 0.690988 0.180243 0.673657 0.176776 0.638995 0.162912 0.618198 0.126516 0.585269 0.110919 0.571404 0.090121 0.564471 0.065858 0.587002 0.032929 0.573137 0.038128 0.569671 0.046794
2 0.519411 0.102253 0.535009 0.090121 0.611265 0.119584 0.633795 0.171577 0.640728 0.195841 0.600867 0.176776 0.561005 0.171577 0.517678 0.209705 0.505546 0.265165 0.479549 0.265165 0.448354 0.233969 0.493414 0.138648 0.519411 0.102253
2 0.285442 0.069324 0.337435 0.046794 0.417158 0.015598 0.510745 0.015598 0.528076 0.038128 0.522877 0.077990 0.495147 0.126516 0.467418 0.091854 0.458752 0.077990 0.406759 0.103986 0.380763 0.123050 0.368631 0.149047 0.361698 0.157712 0.347834 0.157712 0.307972 0.143847 0.290641 0.133449 0.261178 0.121317 0.254246 0.091854 0.285442 0.069324
2 0.233449 0.150780 0.231716 0.192374 0.226516 0.216638 0.223050 0.247834 0.223050 0.272097 0.240381 0.318891 0.257712 0.341421 0.283709 0.348354 0.309705 0.303293 0.321837 0.275563 0.335702 0.242634 0.340901 0.190641 0.340901 0.175043 0.320104 0.159445 0.302773 0.149047 0.281976 0.135182 0.257712 0.133449 0.233449 0.150780
2 0.171057 0.256499 0.153726 0.291161 0.127730 0.320624 0.112132 0.351820 0.105199 0.389948 0.117331 0.417678 0.132929 0.436742 0.162392 0.445407 0.212652 0.454073 0.247314 0.445407 0.264645 0.369151 0.245581 0.327556 0.209185 0.273830 0.179723 0.258232 0.171057 0.256499
2 0.569671 0.492201 0.576603 0.551127 0.569671 0.597920 0.535009 0.639515 0.486482 0.653380 0.394627 0.606586 0.446620 0.492201 0.489948 0.452340 0.510745 0.438475 0.529809 0.435009 0.571404 0.448873 0.569671 0.492201
2 0.340901 0.376083 0.333969 0.402080 0.339168 0.440208 0.385962 0.462738 0.432756 0.481802 0.465685 0.452340 0.486482 0.428076 0.489948 0.383016 0.469151 0.355286 0.489948 0.311958 0.502080 0.291161 0.498613 0.280763 0.479549 0.279029 0.465685 0.282496 0.436222 0.301560 0.410225 0.315425 0.379029 0.339688 0.340901 0.376083
2 0.588735 0.729636 0.659792 0.703640 0.671924 0.653380 0.663258 0.637782 0.625130 0.616984 0.588735 0.613518 0.561005 0.622184 0.521144 0.646447 0.488215 0.667244 0.479549 0.691508 0.479549 0.696707 0.521144 0.738302 0.540208 0.766031 0.548873 0.800693 0.561005 0.778163 0.588735 0.729636