2 0.183189 0.296360 0.235182 0.305026 0.262912 0.325823 0.283709 0.372617 0.295841 0.421144 0.304506 0.521664 0.290641 0.632582 0.242114 0.667244 0.181456 0.681109 0.157192 0.681109 0.105199 0.644714 0.070537 0.561525 0.063605 0.481802 0.075737 0.396880 0.105199 0.318891 0.155459 0.301560 0.183189 0.296360
2 0.370364 0.435009 0.439688 0.393414 0.467418 0.363951 0.507279 0.389948 0.515945 0.433276 0.540208 0.485269 0.541941 0.538995 0.548873 0.632582 0.545407 0.679376 0.493414 0.681109 0.437955 0.644714 0.401560 0.629116 0.385962 0.608319 0.368631 0.563258 0.327036 0.528596 0.318371 0.497400 0.321837 0.452340 0.335702 0.435009 0.354766 0.415945 0.451820 0.362218 0.370364 0.435009
2 0.682322 0.473137 0.618198 0.538995 0.581802 0.590988 0.574870 0.665511 0.581802 0.804159 0.600867 0.937608 0.651126 0.960139 0.751646 0.979203 0.812305 0.970537 0.829636 0.861352 0.805373 0.755633 0.765511 0.618718 0.732582 0.533795 0.701386 0.487002 0.682322 0.473137
2 0.833102 0.279029 0.796707 0.324090 0.775910 0.344887 0.704853 0.355286 0.708319 0.410745 0.720451 0.507799 0.746447 0.542461 0.798440 0.594454 0.840035 0.599653 0.846967 0.597920 0.883362 0.500867 0.914558 0.409012 0.902426 0.320624 0.890295 0.296360 0.833102 0.279029
2 0.573137 0.202773 0.638995 0.202773 0.671924 0.220104 0.694454 0.273830 0.704853 0.327556 0.711785 0.405546 0.703120 0.464471 0.661525 0.519931 0.597400 0.570191 0.569671 0.563258 0.535009 0.443674 0.498613 0.374350 0.486482 0.350087 0.521144 0.310225 0.562738 0.221837 0.562738 0.187175 0.573137 0.202773
2 0.439688 0.010399 0.392894 0.036395 0.361698 0.060659 0.344367 0.109185 0.354766 0.133449 0.347834 0.162912 0.337435 0.201040 0.340901 0.268631 0.349567 0.310225 0.370364 0.351820 0.387695 0.377816 0.411958 0.379549 0.431022 0.372617 0.493414 0.346620 0.548873 0.265165 0.541941 0.107452 0.526343 0.058925 0.489948 0.036395 0.439688 0.010399
2 0.618198 0.003466 0.638995 0.071057 0.644194 0.142114 0.654593 0.206239 0.682322 0.230503 0.739515 0.237435 0.819237 0.225303 0.864298 0.202773 0.907626 0.152513 0.895494 0.017331 0.883362 0.000000 0.618198 0.003466
2 0.801906 0.625650 0.833102 0.675910 0.845234 0.705373 0.888561 0.708839 0.952686 0.686308 0.985615 0.655113 1.000000 0.438475 0.928423 0.376083 0.893761 0.431542 0.864298 0.590988 0.808839 0.613518 0.801906 0.625650
2 0.375563 0.667244 0.344367 0.748700 0.339168 0.861352 0.340901 0.923744 0.354766 0.944541 0.373830 0.958406 0.422357 0.960139 0.479549 0.960139 0.521144 0.967071 0.540208 0.965338 0.554073 0.932409 0.566204 0.890815 0.571404 0.859619 0.574870 0.798960 0.576603 0.746967 0.561005 0.715771 0.533276 0.688042 0.507279 0.674177 0.417158 0.641248 0.396360 0.646447 0.375563 0.667244
2 0.053206 0.585789 0.022010 0.587522 0.008146 0.601386 0.000000 0.611785 0.015078 0.656846 0.022010 0.684575 0.032409 0.762565 0.049740 0.792028 0.056672 0.824957 0.068804 0.838821 0.105199 0.837088 0.143328 0.913345 0.158925 0.923744 0.167591 0.958406 0.188388 0.984402 0.209185 1.000000 0.221317 0.991334 0.236915 0.944541 0.243847 0.923744 0.252513 0.876950 0.280243 0.837088 0.304506 0.816291 0.278510 0.743501 0.223050 0.708839 0.202253 0.693241 0.174523 0.688042 0.153726 0.677643 0.124263 0.662045 0.101733 0.637782 0.053206 0.585789
2 0.080936 0.020797 0.042808 0.069324 0.046274 0.109185 0.049740 0.155979 0.063605 0.188908 0.086135 0.209705 0.139861 0.254766 0.202253 0.292894 0.236915 0.294627 0.294107 0.299827 0.302773 0.258232 0.320104 0.214905 0.314905 0.175043 0.304506 0.124783 0.302773 0.095321 0.318371 0.091854 0.330503 0.098787 0.349567 0.095321 0.394627 0.036395 0.385962 0.020797 0.307972 0.001733 0.210919 0.003466 0.098267 0.008666 0.080936 0.020797
2 0.833102 0.731369 0.860832 0.724437 0.883362 0.759099 0.886828 0.746967 0.933622 0.694974 0.992548 0.677643 1.000000 0.826690 1.000000 0.970537 1.000000 1.000000 0.878163 1.000000 0.846967 0.965338 0.803639 0.837088 0.798440 0.752166 0.826170 0.722704 0.833102 0.731369