2 0.803639 0.722704 0.786308 0.771231 0.789775 0.807626 0.840035 0.854419 0.912825 0.883882 0.961352 0.880416 0.978683 0.833622 0.975217 0.781629 0.944021 0.746967 0.909359 0.736568 0.860832 0.727903 0.803639 0.722704
2 0.465685 0.675910 0.548873 0.682842 0.633795 0.724437 0.678856 0.750433 0.670191 0.802426 0.654593 0.864818 0.606066 0.896014 0.552340 0.896014 0.486482 0.847487 0.437955 0.786828 0.427556 0.708839 0.437955 0.674177 0.465685 0.675910
2 0.327036 0.649913 0.347834 0.667244 0.354766 0.722704 0.366898 0.792028 0.394627 0.826690 0.410225 0.868284 0.391161 0.894281 0.354766 0.889081 0.323570 0.897747 0.309705 0.916811 0.243847 0.882149 0.229983 0.840555 0.226516 0.792028 0.236915 0.722704 0.238648 0.677643 0.318371 0.646447 0.327036 0.649913
2 0.072270 0.672444 0.032409 0.714038 0.016811 0.764298 0.022010 0.812825 0.028943 0.859619 0.056672 0.894281 0.091334 0.890815 0.112132 0.868284 0.146794 0.866551 0.167591 0.830156 0.197054 0.788562 0.195321 0.750433 0.188388 0.717504 0.174523 0.684575 0.132929 0.667244 0.072270 0.672444
2 0.044541 0.483536 0.119064 0.469671 0.203986 0.499133 0.264645 0.483536 0.271577 0.471404 0.316638 0.466205 0.358232 0.485269 0.380763 0.493934 0.372097 0.537262 0.358232 0.597920 0.320104 0.641248 0.247314 0.694974 0.219584 0.705373 0.190121 0.700173 0.049740 0.648180 0.008146 0.625650 0.001213 0.488735 0.044541 0.483536
2 0.101733 0.223570 0.179723 0.242634 0.193587 0.251300 0.250780 0.209705 0.280243 0.195841 0.340901 0.201040 0.394627 0.223570 0.411958 0.287695 0.382496 0.332756 0.344367 0.381282 0.313172 0.395147 0.316638 0.424610 0.306239 0.464471 0.262912 0.466205 0.247314 0.447140 0.209185 0.452340 0.181456 0.464471 0.169324 0.461005 0.091334 0.450607 0.079203 0.431542 0.086135 0.389948 0.079203 0.336222 0.068804 0.294627 0.061872 0.268631 0.065338 0.242634 0.084402 0.230503 0.101733 0.223570
2 0.444887 0.202773 0.483016 0.185442 0.512478 0.185442 0.535009 0.192374 0.555806 0.233969 0.548873 0.277296 0.517678 0.310225 0.495147 0.306759 0.451820 0.289428 0.427556 0.266898 0.424090 0.237435 0.431022 0.207972 0.444887 0.202773
2 0.599133 0.195841 0.569671 0.244367 0.548873 0.285962 0.535009 0.334489 0.576603 0.313692 0.635529 0.327556 0.647660 0.357019 0.651126 0.362218 0.673657 0.353553 0.663258 0.285962 0.638995 0.228769 0.599133 0.195841
2 0.732582 0.195841 0.768977 0.178510 0.798440 0.204506 0.812305 0.230503 0.826170 0.258232 0.794974 0.299827 0.718717 0.339688 0.696187 0.348354 0.668458 0.305026 0.682322 0.279029 0.682322 0.251300 0.680589 0.232236 0.692721 0.213172 0.706586 0.202773 0.732582 0.195841
2 0.836568 0.180243 0.888561 0.161179 0.921490 0.154246 0.937088 0.178510 0.937088 0.209705 0.935355 0.232236 0.950953 0.263432 0.954419 0.291161 0.944021 0.327556 0.933622 0.343154 0.916291 0.344887 0.892028 0.344887 0.867764 0.337955 0.833102 0.320624 0.831369 0.305026 0.836568 0.282496 0.834835 0.268631 0.824437 0.263432 0.810572 0.249567 0.801906 0.232236 0.794974 0.211438 0.801906 0.194107 0.817504 0.181976 0.836568 0.180243
2 0.808839 0.480069 0.867764 0.448873 0.885095 0.448873 0.918024 0.441941 0.944021 0.422877 0.954419 0.398614 0.940555 0.381282 0.924957 0.369151 0.890295 0.358752 0.859099 0.348354 0.833102 0.341421 0.810572 0.334489 0.793241 0.334489 0.756846 0.341421 0.746447 0.348354 0.742981 0.358752 0.742981 0.369151 0.756846 0.376083 0.765511 0.383016 0.768977 0.400347 0.760312 0.429809 0.756846 0.452340 0.762045 0.466205 0.777643 0.469671 0.808839 0.480069
2 0.659792 0.389948 0.640728 0.410745 0.635529 0.431542 0.630329 0.447140 0.626863 0.467938 0.632062 0.492201 0.640728 0.509532 0.647660 0.521664 0.666724 0.525130 0.682322 0.514731 0.689255 0.509532 0.708319 0.506066 0.742981 0.504333 0.748180 0.502600 0.749913 0.485269 0.753380 0.462738 0.767244 0.419411 0.768977 0.403813 0.762045 0.391681 0.744714 0.388215 0.730849 0.381282 0.710052 0.374350 0.703120 0.372617 0.687522 0.370884 0.678856 0.370884 0.673657 0.372617 0.659792 0.376083 0.659792 0.389948
2 0.521144 0.350087 0.509012 0.374350 0.502080 0.400347 0.505546 0.410745 0.528076 0.421144 0.547140 0.438475 0.576603 0.466205 0.597400 0.480069 0.602600 0.487002 0.606066 0.487002 0.621664 0.476603 0.625130 0.438475 0.625130 0.419411 0.645927 0.389948 0.652860 0.376083 0.652860 0.346620 0.635529 0.336222 0.611265 0.320624 0.595667 0.315425 0.573137 0.320624 0.547140 0.332756 0.521144 0.350087
2 0.422357 0.337955 0.399827 0.357019 0.377296 0.376083 0.358232 0.388215 0.339168 0.403813 0.337435 0.426343 0.337435 0.440208 0.342634 0.459272 0.354766 0.466205 0.389428 0.467938 0.403293 0.464471 0.424090 0.441941 0.451820 0.417678 0.486482 0.407279 0.503813 0.388215 0.507279 0.369151 0.507279 0.346620 0.500347 0.318891 0.495147 0.296360 0.484749 0.280763 0.479549 0.280763 0.462218 0.291161 0.451820 0.305026 0.437955 0.322357 0.422357 0.337955
2 0.931889 0.509532 0.890295 0.551127 0.885095 0.584055 0.872964 0.632582 0.881629 0.686308 0.919757 0.722704 0.966551 0.745234 0.999480 0.753899 0.997747 0.532062 0.968284 0.507799 0.931889 0.509532
2 0.673657 0.542461 0.671924 0.564991 0.701386 0.584055 0.736048 0.604853 0.768977 0.618718 0.819237 0.632582 0.846967 0.604853 0.846967 0.559792 0.843501 0.521664 0.826170 0.506066 0.791508 0.500867 0.767244 0.500867 0.722184 0.511265 0.668458 0.528596 0.673657 0.542461
2 0.522877 0.646447 0.597400 0.590988 0.670191 0.575390 0.734315 0.608319 0.781109 0.639515 0.812305 0.672444 0.814038 0.708839 0.796707 0.729636 0.756846 0.724437 0.722184 0.707106 0.685789 0.694974 0.652860 0.694974 0.644194 0.688042 0.637262 0.681109 0.606066 0.681109 0.578336 0.686308 0.541941 0.681109 0.522877 0.646447
2 0.451820 0.455806 0.522877 0.459272 0.574870 0.487002 0.600867 0.525130 0.587002 0.575390 0.547140 0.611785 0.495147 0.625650 0.427556 0.620451 0.382496 0.603120 0.368631 0.563258 0.380763 0.516464 0.389428 0.476603 0.415425 0.457539 0.451820 0.455806