0 0.335702 0.214905 0.417158 0.429809 0.528076 0.533795 0.569671 0.396880 0.540208 0.324090 0.486482 0.201040 0.424090 0.152513 0.344367 0.176776 0.335702 0.214905
0 0.259445 0.230503 0.054939 0.487002 0.034142 0.556326 0.096534 0.577123 0.146794 0.587522 0.243847 0.483536 0.297574 0.400347 0.346100 0.311958 0.328769 0.213172 0.259445 0.230503
0 0.389428 0.001733 0.396360 0.072790 0.446620 0.168111 0.540208 0.240901 0.595667 0.176776 0.590468 0.067591 0.561005 0.024263 0.389428 0.001733
0 0.840035 0.084922 0.784575 0.135182 0.692721 0.195841 0.614731 0.211438 0.590468 0.098787 0.606066 0.057192 0.599133 0.022530 0.831369 0.001733 0.843501 0.093588 0.840035 0.084922
0 0.888561 0.188908 0.938821 0.279029 0.999480 0.216638 0.978683 0.012132 0.862565 0.003466 0.888561 0.188908
0 0.704853 0.325823 0.651126 0.383016 0.633795 0.493934 0.607799 0.629116 0.642461 0.719237 0.701386 0.729636 0.763778 0.639515 0.798440 0.341421 0.777643 0.299827 0.723917 0.313692 0.704853 0.325823
0 0.812305 0.389948 0.862565 0.438475 0.904159 0.526863 0.886828 0.660312 0.860832 0.665511 0.864298 0.700173 0.853899 0.714038 0.779376 0.696707 0.812305 0.389948
0 0.999480 0.424610 0.964818 0.488735 0.945754 0.597920 0.980416 0.681109 0.999480 0.424610
0 0.902426 0.736568 0.921490 0.857886 0.919757 0.915078 0.909359 0.937608 0.789775 0.922010 0.736048 0.894281 0.710052 0.833622 0.701386 0.778163 0.729116 0.689775 0.819237 0.705373 0.902426 0.736568
0 0.978683 0.778163 0.938821 0.786828 0.950953 0.875217 0.947487 0.930676 0.978683 0.937608 0.992548 0.771231 0.978683 0.778163
0 0.451820 0.642981 0.441421 0.481802 0.391161 0.381282 0.280243 0.376083 0.209185 0.587522 0.229983 0.677643 0.320104 0.712305 0.389428 0.743501 0.451820 0.642981
0 0.500347 0.720971 0.420624 0.785095 0.375563 0.876950 0.437955 0.937608 0.503813 0.939341 0.593934 0.857886 0.606066 0.769497 0.498613 0.698440 0.507279 0.733102 0.500347 0.720971
0 0.157192 0.620451 0.070537 0.705373 0.084402 0.818024 0.151993 0.920277 0.229983 0.911612 0.243847 0.859619 0.283709 0.809359 0.278510 0.722704 0.157192 0.620451
0 0.132929 0.034662 0.223050 0.254766 0.172790 0.317158 0.061872 0.195841 0.013345 0.057192 0.035875 0.001733 0.112132 0.000000 0.132929 0.034662
0 0.068804 0.301560 0.153726 0.308492 0.032409 0.512998 0.000000 0.313692 0.002946 0.284229 0.068804 0.301560