2 0.151993 0.298094 0.217851 0.211438 0.236915 0.211438 0.262912 0.206239 0.311438 0.207972 0.327036 0.216638 0.361698 0.239168 0.361698 0.258232 0.361698 0.313692 0.333969 0.383016 0.311438 0.419411 0.287175 0.443674 0.255979 0.445407 0.202253 0.417678 0.143328 0.376083 0.129463 0.343154 0.151993 0.298094
2 0.431022 0.088388 0.467418 0.057192 0.488215 0.039861 0.519411 0.058925 0.536742 0.083189 0.536742 0.136915 0.514211 0.206239 0.486482 0.259965 0.434489 0.280763 0.410225 0.277296 0.391161 0.265165 0.344367 0.233969 0.328769 0.216638 0.321837 0.192374 0.337435 0.150780 0.354766 0.142114 0.389428 0.117851 0.408492 0.105719 0.431022 0.088388
2 0.625130 0.240901 0.623397 0.202773 0.638995 0.162912 0.645927 0.145581 0.663258 0.123050 0.687522 0.121317 0.716984 0.126516 0.767244 0.154246 0.775910 0.175043 0.746447 0.202773 0.723917 0.225303 0.703120 0.266898 0.656326 0.285962 0.630329 0.261698 0.625130 0.240901
2 0.500347 0.292894 0.522877 0.315425 0.554073 0.325823 0.562738 0.339688 0.576603 0.372617 0.583535 0.400347 0.604333 0.438475 0.611265 0.473137 0.607799 0.504333 0.564471 0.523397 0.514211 0.512998 0.493414 0.518198 0.443154 0.526863 0.410225 0.516464 0.398094 0.493934 0.401560 0.438475 0.415425 0.383016 0.420624 0.341421 0.424090 0.306759 0.439688 0.280763 0.453553 0.265165 0.476083 0.254766 0.502080 0.270364 0.522877 0.289428 0.500347 0.292894
2 0.819237 0.299827 0.824437 0.313692 0.819237 0.346620 0.791508 0.379549 0.758579 0.410745 0.727383 0.396880 0.701386 0.365685 0.675390 0.348354 0.666724 0.303293 0.666724 0.282496 0.687522 0.237435 0.701386 0.220104 0.718717 0.213172 0.739515 0.213172 0.770711 0.216638 0.805373 0.230503 0.810572 0.240901 0.815771 0.270364 0.819237 0.299827
2 0.483016 0.608319 0.420624 0.606586 0.403293 0.639515 0.382496 0.694974 0.375563 0.731369 0.375563 0.757366 0.403293 0.757366 0.446620 0.757366 0.489948 0.753899 0.512478 0.722704 0.521144 0.701906 0.526343 0.662045 0.528076 0.636049 0.526343 0.615251 0.483016 0.608319
2 0.637262 0.587522 0.651126 0.597920 0.670191 0.580589 0.687522 0.559792 0.713518 0.538995 0.739515 0.514731 0.762045 0.495667 0.767244 0.455806 0.742981 0.428076 0.711785 0.410745 0.689255 0.412478 0.671924 0.424610 0.651126 0.441941 0.611265 0.495667 0.592201 0.532062 0.602600 0.552860 0.637262 0.587522
2 0.857366 0.590988 0.881629 0.589255 0.909359 0.568458 0.923224 0.542461 0.928423 0.480069 0.909359 0.445407 0.902426 0.419411 0.855633 0.414211 0.819237 0.424610 0.796707 0.431542 0.786308 0.448873 0.767244 0.473137 0.765511 0.500867 0.774177 0.525130 0.788042 0.542461 0.810572 0.564991 0.840035 0.589255 0.857366 0.590988
2 0.125997 0.764298 0.183189 0.750433 0.243847 0.736568 0.268111 0.727903 0.255979 0.682842 0.223050 0.641248 0.183189 0.625650 0.143328 0.629116 0.117331 0.641248 0.106932 0.667244 0.100000 0.701906 0.098267 0.733102 0.100000 0.755633 0.112132 0.771231 0.125997 0.764298
2 0.446620 0.812825 0.488215 0.852686 0.514211 0.876950 0.526343 0.902946 0.545407 0.916811 0.573137 0.911612 0.602600 0.904679 0.606066 0.849220 0.606066 0.812825 0.593934 0.795494 0.580069 0.781629 0.571404 0.769497 0.555806 0.760832 0.524610 0.750433 0.486482 0.753899 0.457019 0.766031 0.437955 0.778163 0.437955 0.795494 0.446620 0.812825
2 0.762045 0.698440 0.756846 0.665511 0.779376 0.648180 0.810572 0.632582 0.855633 0.648180 0.923224 0.681109 0.916291 0.731369 0.897227 0.741768 0.857366 0.743501 0.808839 0.738302 0.772444 0.726170 0.762045 0.698440
2 0.580069 0.606586 0.548873 0.636049 0.536742 0.656846 0.524610 0.701906 0.535009 0.743501 0.541941 0.750433 0.578336 0.750433 0.612998 0.743501 0.656326 0.736568 0.673657 0.719237 0.680589 0.693241 0.678856 0.667244 0.663258 0.637782 0.635529 0.616984 0.611265 0.590988 0.583535 0.589255 0.580069 0.606586
2 0.779376 0.833622 0.834835 0.845754 0.872964 0.861352 0.937088 0.824957 0.957886 0.802426 0.957886 0.779896 0.931889 0.746967 0.916291 0.736568 0.833102 0.734835 0.777643 0.736568 0.737782 0.762565 0.715251 0.786828 0.716984 0.812825 0.723917 0.818024 0.768977 0.826690 0.779376 0.833622
2 0.068804 0.632582 0.113865 0.597920 0.139861 0.551127 0.160659 0.523397 0.150260 0.507799 0.132929 0.497400 0.075737 0.495667 0.044541 0.499133 0.025477 0.514731 0.002946 0.549393 0.000000 0.571924 0.008146 0.625650 0.030676 0.637782 0.068804 0.632582
2 0.063605 0.826690 0.098267 0.849220 0.122530 0.880416 0.141594 0.916811 0.145061 0.954939 0.132929 0.986135 0.119064 0.994801 0.041074 0.993068 0.016811 0.991334 0.009879 0.989601 0.000000 0.961872 0.001213 0.897747 0.001213 0.871750 0.011612 0.849220 0.030676 0.824957 0.035875 0.819757 0.063605 0.826690
2 0.209185 0.965338 0.238648 0.941075 0.254246 0.913345 0.259445 0.897747 0.271577 0.882149 0.269844 0.857886 0.259445 0.849220 0.231716 0.849220 0.203986 0.861352 0.167591 0.883882 0.153726 0.890815 0.143328 0.915078 0.143328 0.930676 0.148527 0.951473 0.157192 0.984402 0.174523 0.991334 0.209185 0.965338
2 0.389428 0.937608 0.406759 0.899480 0.418891 0.878683 0.424090 0.868284 0.465685 0.870017 0.486482 0.857886 0.496880 0.875217 0.510745 0.904679 0.514211 0.925477 0.519411 0.958406 0.498613 0.972270 0.458752 0.987868 0.441421 0.979203 0.413691 0.960139 0.394627 0.949740 0.389428 0.937608
2 0.716984 0.892548 0.720451 0.873484 0.737782 0.854419 0.741248 0.833622 0.777643 0.849220 0.812305 0.870017 0.857366 0.897747 0.869497 0.902946 0.853899 0.930676 0.814038 0.941075 0.770711 0.937608 0.739515 0.923744 0.723917 0.909879 0.716984 0.892548
2 0.080936 0.480069 0.129463 0.447140 0.139861 0.443674 0.158925 0.424610 0.164125 0.410745 0.162392 0.389948 0.125997 0.329289 0.091334 0.306759 0.063605 0.292894 0.013345 0.296360 0.000000 0.289428 0.001213 0.417678 0.008146 0.466205 0.030676 0.480069 0.080936 0.480069
2 0.876430 0.270364 0.950953 0.251300 0.983882 0.244367 1.000000 0.206239 0.982149 0.178510 0.935355 0.150780 0.914558 0.136915 0.866031 0.149047 0.834835 0.175043 0.812305 0.195841 0.794974 0.213172 0.791508 0.218371 0.812305 0.242634 0.819237 0.266898 0.826170 0.285962 0.860832 0.273830 0.876430 0.270364