2 0.139861 0.275563 0.122530 0.296360 0.112132 0.339688 0.113865 0.381282 0.124263 0.429809 0.171057 0.469671 0.216118 0.473137 0.257712 0.473137 0.275043 0.466205 0.297574 0.431542 0.301040 0.379549 0.292374 0.324090 0.278510 0.299827 0.247314 0.282496 0.184922 0.272097 0.139861 0.275563
2 0.606066 0.043328 0.581802 0.065858 0.571404 0.103986 0.576603 0.161179 0.590468 0.188908 0.616464 0.244367 0.647660 0.285962 0.684055 0.272097 0.725650 0.239168 0.748180 0.192374 0.732582 0.103986 0.711785 0.069324 0.675390 0.036395 0.638995 0.025997 0.606066 0.043328
2 0.807106 0.109185 0.786308 0.147314 0.765511 0.181976 0.760312 0.230503 0.777643 0.277296 0.791508 0.315425 0.805373 0.348354 0.829636 0.346620 0.888561 0.292894 0.924957 0.244367 0.938821 0.216638 0.949220 0.175043 0.944021 0.138648 0.883362 0.090121 0.866031 0.076256 0.819237 0.097054 0.807106 0.109185
2 0.576603 0.331023 0.531542 0.350087 0.522877 0.400347 0.541941 0.450607 0.552340 0.493934 0.583535 0.542461 0.626863 0.575390 0.659792 0.592721 0.684055 0.577123 0.708319 0.538995 0.704853 0.493934 0.689255 0.426343 0.658059 0.383016 0.621664 0.351820 0.576603 0.331023
2 0.472617 0.119584 0.411958 0.169844 0.415425 0.216638 0.457019 0.294627 0.489948 0.348354 0.588735 0.331023 0.597400 0.258232 0.578336 0.178510 0.540208 0.105719 0.496880 0.103986 0.472617 0.119584
2 0.302773 0.050260 0.285442 0.102253 0.288908 0.142114 0.313172 0.169844 0.356499 0.190641 0.399827 0.197574 0.429289 0.183709 0.444887 0.117851 0.429289 0.057192 0.413691 0.025997 0.353033 0.008666 0.320104 0.013865 0.302773 0.050260
2 0.158925 0.005199 0.124263 0.038128 0.110399 0.057192 0.103466 0.090121 0.112132 0.131716 0.136395 0.162912 0.153726 0.169844 0.214385 0.168111 0.249047 0.124783 0.264645 0.090121 0.250780 0.036395 0.243847 0.015598 0.158925 0.005199
2 0.377296 0.402080 0.337435 0.450607 0.281976 0.535529 0.320104 0.611785 0.437955 0.625650 0.502080 0.571924 0.507279 0.528596 0.472617 0.447140 0.424090 0.396880 0.385962 0.384749 0.377296 0.402080
2 0.321837 0.209705 0.292374 0.251300 0.304506 0.298094 0.304506 0.332756 0.306239 0.374350 0.320104 0.412478 0.328769 0.445407 0.340901 0.443674 0.370364 0.421144 0.417158 0.369151 0.424090 0.341421 0.427556 0.292894 0.427556 0.275563 0.422357 0.240901 0.411958 0.216638 0.380763 0.202773 0.361698 0.195841 0.340901 0.194107 0.321837 0.209705
2 0.756846 0.532062 0.843501 0.516464 0.881629 0.521664 0.912825 0.590988 0.930156 0.674177 0.923224 0.722704 0.874697 0.729636 0.833102 0.729636 0.784575 0.727903 0.713518 0.708839 0.689255 0.694974 0.671924 0.610052 0.673657 0.563258 0.692721 0.540728 0.756846 0.532062
2 0.535009 0.603120 0.573137 0.622184 0.593934 0.653380 0.626863 0.689775 0.633795 0.745234 0.630329 0.786828 0.585269 0.802426 0.521144 0.812825 0.460485 0.818024 0.441421 0.811092 0.418891 0.745234 0.422357 0.672444 0.427556 0.632582 0.469151 0.596187 0.503813 0.597920 0.535009 0.603120
2 0.774177 0.901213 0.801906 0.915078 0.826170 0.916811 0.852166 0.918544 0.860832 0.906412 0.874697 0.880416 0.881629 0.835355 0.883362 0.786828 0.879896 0.745234 0.879896 0.736568 0.786308 0.729636 0.746447 0.727903 0.701386 0.722704 0.675390 0.785095 0.675390 0.818024 0.684055 0.844021 0.697920 0.873484 0.715251 0.889081 0.737782 0.890815 0.774177 0.901213
2 0.458752 0.909879 0.474350 0.868284 0.469151 0.826690 0.463951 0.797227 0.427556 0.771231 0.380763 0.760832 0.349567 0.753899 0.327036 0.759099 0.320104 0.792028 0.318371 0.824957 0.323570 0.859619 0.333969 0.880416 0.346100 0.935875 0.347834 0.961872 0.359965 0.968804 0.391161 0.960139 0.427556 0.941075 0.458752 0.909879
2 0.278510 0.863085 0.243847 0.875217 0.221317 0.899480 0.195321 0.913345 0.179723 0.915078 0.150260 0.913345 0.139861 0.899480 0.139861 0.876950 0.139861 0.835355 0.167591 0.785095 0.176256 0.753899 0.200520 0.715771 0.209185 0.712305 0.228250 0.722704 0.240381 0.720971 0.259445 0.738302 0.271577 0.762565 0.295841 0.800693 0.309705 0.833622 0.278510 0.863085
2 0.086135 0.651646 0.112132 0.663778 0.160659 0.682842 0.200520 0.689775 0.245581 0.667244 0.281976 0.625650 0.278510 0.535529 0.261178 0.499133 0.217851 0.481802 0.172790 0.493934 0.122530 0.540728 0.086135 0.596187 0.086135 0.651646
2 0.803639 0.367418 0.788042 0.398614 0.784575 0.450607 0.791508 0.493934 0.909359 0.535529 0.924957 0.542461 0.949220 0.506066 0.937088 0.363951 0.912825 0.337955 0.886828 0.327556 0.826170 0.332756 0.803639 0.367418
2 0.824437 0.048527 0.831369 0.015598 0.817504 0.000000 0.649393 0.000000 0.638995 0.015598 0.684055 0.046794 0.718717 0.077990 0.739515 0.123050 0.756846 0.143847 0.770711 0.143847 0.800173 0.131716 0.826170 0.088388 0.824437 0.048527
2 0.637262 0.882149 0.625130 0.909879 0.616464 0.944541 0.600867 0.986135 0.649393 1.000000 0.805373 1.000000 0.820971 0.974003 0.805373 0.935875 0.784575 0.916811 0.729116 0.882149 0.670191 0.866551 0.637262 0.882149
2 0.526343 0.840555 0.533276 0.857886 0.541941 0.899480 0.555806 0.930676 0.573137 0.967071 0.578336 0.977470 0.595667 0.949740 0.606066 0.923744 0.619931 0.875217 0.666724 0.845754 0.668458 0.798960 0.659792 0.771231 0.600867 0.779896 0.567938 0.792028 0.528076 0.814558 0.526343 0.840555
2 0.041074 0.409012 0.063605 0.424610 0.105199 0.448873 0.139861 0.466205 0.151993 0.488735 0.117331 0.525130 0.098267 0.563258 0.079203 0.615251 0.058406 0.674177 0.049740 0.679376 0.018544 0.662045 0.000000 0.641248 0.002946 0.403813 0.041074 0.409012
2 0.054939 0.715771 0.041074 0.722704 0.028943 0.743501 0.034142 0.776430 0.042808 0.811092 0.053206 0.840555 0.070537 0.868284 0.084402 0.875217 0.091334 0.875217 0.106932 0.868284 0.122530 0.828423 0.138128 0.793761 0.188388 0.722704 0.195321 0.701906 0.167591 0.686308 0.132929 0.668977 0.106932 0.667244 0.070537 0.672444 0.049740 0.700173 0.054939 0.715771
2 0.127730 0.202773 0.103466 0.155979 0.091334 0.145581 0.067071 0.143847 0.030676 0.157712 0.002946 0.201040 0.001213 0.272097 0.001213 0.329289 0.023743 0.350087 0.044541 0.365685 0.065338 0.367418 0.077470 0.362218 0.112132 0.331023 0.125997 0.279029 0.134662 0.220104 0.127730 0.202773