2 0.228250 0.322357 0.202253 0.389948 0.203986 0.443674 0.223050 0.471404 0.280243 0.493934 0.316638 0.493934 0.339168 0.474870 0.349567 0.455806 0.340901 0.383016 0.301040 0.358752 0.228250 0.322357
2 0.200520 0.493934 0.167591 0.518198 0.153726 0.570191 0.146794 0.618718 0.136395 0.674177 0.139861 0.694974 0.179723 0.707106 0.226516 0.698440 0.261178 0.627383 0.292374 0.533795 0.264645 0.493934 0.221317 0.490468 0.200520 0.493934
2 0.410225 0.306759 0.353033 0.370884 0.359965 0.396880 0.361698 0.433276 0.370364 0.452340 0.380763 0.459272 0.434489 0.485269 0.486482 0.497400 0.515945 0.492201 0.528076 0.466205 0.529809 0.410745 0.517678 0.379549 0.483016 0.334489 0.443154 0.303293 0.410225 0.306759
2 0.512478 0.175043 0.484749 0.209705 0.479549 0.244367 0.498613 0.284229 0.528076 0.362218 0.545407 0.407279 0.625130 0.365685 0.625130 0.280763 0.583535 0.230503 0.528076 0.168111 0.512478 0.175043
2 0.677123 0.201040 0.727383 0.175043 0.770711 0.147314 0.791508 0.133449 0.805373 0.142114 0.817504 0.181976 0.810572 0.235702 0.741248 0.289428 0.720451 0.315425 0.694454 0.320624 0.666724 0.311958 0.632062 0.273830 0.618198 0.239168 0.668458 0.202773 0.677123 0.201040
2 0.853899 0.162912 0.864298 0.164645 0.904159 0.183709 0.921490 0.223570 0.931889 0.265165 0.938821 0.339688 0.919757 0.381282 0.897227 0.388215 0.879896 0.389948 0.803639 0.383016 0.756846 0.348354 0.775910 0.289428 0.786308 0.272097 0.819237 0.185442 0.838302 0.161179 0.853899 0.162912
2 0.645927 0.325823 0.621664 0.350087 0.625130 0.395147 0.640728 0.445407 0.649393 0.474870 0.729116 0.473137 0.784575 0.441941 0.812305 0.384749 0.788042 0.336222 0.741248 0.313692 0.645927 0.325823
2 0.548873 0.469671 0.531542 0.488735 0.526343 0.519931 0.535009 0.542461 0.548873 0.584055 0.555806 0.601386 0.587002 0.630849 0.632062 0.641248 0.666724 0.630849 0.687522 0.563258 0.664991 0.485269 0.644194 0.473137 0.580069 0.464471 0.548873 0.469671
2 0.389428 0.502600 0.432756 0.526863 0.463951 0.549393 0.483016 0.577123 0.479549 0.606586 0.472617 0.625650 0.458752 0.653380 0.422357 0.663778 0.401560 0.667244 0.361698 0.653380 0.313172 0.629116 0.294107 0.618718 0.294107 0.551127 0.307972 0.514731 0.320104 0.493934 0.347834 0.481802 0.389428 0.502600
2 0.535009 0.608319 0.521144 0.616984 0.498613 0.625650 0.439688 0.653380 0.396360 0.677643 0.375563 0.712305 0.372097 0.727903 0.365165 0.757366 0.373830 0.788562 0.387695 0.805893 0.398094 0.818024 0.415425 0.828423 0.496880 0.830156 0.535009 0.828423 0.555806 0.819757 0.566204 0.798960 0.569671 0.748700 0.557539 0.662045 0.555806 0.611785 0.535009 0.608319
2 0.271577 0.708839 0.323570 0.750433 0.361698 0.802426 0.366898 0.847487 0.323570 0.904679 0.287175 0.939341 0.223050 0.916811 0.160659 0.870017 0.153726 0.798960 0.158925 0.757366 0.184922 0.722704 0.219584 0.703640 0.255979 0.694974 0.271577 0.708839