1 0.212652 0.088388 0.174523 0.105719 0.177990 0.121317 0.167591 0.131716 0.146794 0.129983 0.132929 0.126516 0.119064 0.155979 0.120797 0.168111 0.108665 0.183709 0.098267 0.197574 0.096534 0.213172 0.084402 0.223570 0.077470 0.258232 0.070537 0.279029 0.080936 0.306759 0.091334 0.320624 0.094801 0.322357 0.136395 0.305026 0.146794 0.308492 0.169324 0.306759 0.205719 0.284229 0.214385 0.266898 0.276776 0.244367 0.297574 0.239168 0.306239 0.239168 0.342634 0.197574 0.354766 0.169844 0.347834 0.157712 0.337435 0.140381 0.332236 0.126516 0.292374 0.079723 0.278510 0.079723 0.243847 0.095321 0.212652 0.088388
1 0.339168 0.244367 0.320104 0.254766 0.292374 0.272097 0.259445 0.280763 0.236915 0.289428 0.224783 0.299827 0.214385 0.313692 0.221317 0.337955 0.229983 0.383016 0.224783 0.409012 0.257712 0.431542 0.285442 0.457539 0.299307 0.481802 0.330503 0.490468 0.366898 0.467938 0.375563 0.461005 0.394627 0.447140 0.420624 0.424610 0.437955 0.402080 0.437955 0.381282 0.432756 0.348354 0.405026 0.289428 0.382496 0.251300 0.366898 0.235702 0.339168 0.244367
1 0.448354 0.034662 0.424090 0.072790 0.418891 0.105719 0.396360 0.128250 0.389428 0.178510 0.387695 0.199307 0.396360 0.237435 0.443154 0.273830 0.465685 0.292894 0.477816 0.306759 0.488215 0.325823 0.503813 0.332756 0.529809 0.320624 0.552340 0.285962 0.573137 0.265165 0.588735 0.251300 0.618198 0.207972 0.609532 0.181976 0.597400 0.157712 0.592201 0.133449 0.593934 0.107452 0.593934 0.079723 0.567938 0.050260 0.545407 0.034662 0.512478 0.029463 0.448354 0.034662
1 0.663258 0.077990 0.670191 0.121317 0.652860 0.147314 0.642461 0.161179 0.658059 0.192374 0.663258 0.225303 0.666724 0.240901 0.697920 0.284229 0.716984 0.299827 0.730849 0.313692 0.753380 0.318891 0.770711 0.310225 0.781109 0.292894 0.798440 0.273830 0.808839 0.273830 0.817504 0.280763 0.831369 0.279029 0.859099 0.223570 0.860832 0.192374 0.838302 0.147314 0.817504 0.129983 0.791508 0.109185 0.770711 0.105719 0.749913 0.091854 0.729116 0.077990 0.703120 0.083189 0.687522 0.077990 0.663258 0.077990
1 0.788042 0.346620 0.774177 0.365685 0.779376 0.407279 0.794974 0.445407 0.798440 0.480069 0.805373 0.518198 0.819237 0.552860 0.833102 0.571924 0.888561 0.563258 0.902426 0.561525 0.923224 0.552860 0.940555 0.528596 0.952686 0.488735 0.964818 0.481802 0.975217 0.457539 0.968284 0.414211 0.956152 0.391681 0.923224 0.344887 0.907626 0.334489 0.883362 0.325823 0.833102 0.315425 0.819237 0.313692 0.807106 0.311958 0.791508 0.313692 0.758579 0.337955 0.775910 0.344887 0.788042 0.346620
1 0.722184 0.455806 0.722184 0.414211 0.722184 0.350087 0.687522 0.332756 0.661525 0.329289 0.626863 0.327556 0.583535 0.313692 0.562738 0.317158 0.541941 0.341421 0.533276 0.365685 0.521144 0.386482 0.517678 0.410745 0.528076 0.424610 0.547140 0.464471 0.571404 0.506066 0.581802 0.514731 0.599133 0.521664 0.642461 0.533795 0.668458 0.549393 0.694454 0.568458 0.696187 0.573657 0.716984 0.551127 0.723917 0.532062 0.722184 0.455806
1 0.652860 0.596187 0.696187 0.590988 0.742981 0.582322 0.762045 0.584055 0.784575 0.606586 0.784575 0.627383 0.794974 0.653380 0.800173 0.674177 0.798440 0.707106 0.794974 0.748700 0.791508 0.762565 0.781109 0.798960 0.753380 0.812825 0.742981 0.824957 0.696187 0.837088 0.654593 0.824957 0.619931 0.805893 0.597400 0.771231 0.588735 0.759099 0.587002 0.722704 0.593934 0.707106 0.587002 0.644714 0.592201 0.594454 0.623397 0.589255 0.652860 0.596187
1 0.897227 0.620451 0.867764 0.618718 0.846967 0.642981 0.826170 0.691508 0.819237 0.738302 0.814038 0.767764 0.798440 0.804159 0.798440 0.833622 0.794974 0.870017 0.793241 0.908146 0.800173 0.923744 0.801906 0.923744 0.819237 0.923744 0.888561 0.922010 0.937088 0.882149 0.971750 0.859619 0.983882 0.830156 0.971750 0.805893 0.957886 0.774697 0.950953 0.745234 0.966551 0.701906 0.964818 0.674177 0.961352 0.656846 0.957886 0.639515 0.933622 0.653380 0.930156 0.655113 0.914558 0.641248 0.904159 0.639515 0.897227 0.620451
1 0.493414 0.443674 0.479549 0.445407 0.453553 0.473137 0.432756 0.487002 0.398094 0.499133 0.384229 0.507799 0.368631 0.511265 0.354766 0.519931 0.347834 0.549393 0.344367 0.570191 0.340901 0.594454 0.327036 0.629116 0.347834 0.674177 0.372097 0.715771 0.385962 0.729636 0.425823 0.726170 0.434489 0.734835 0.469151 0.722704 0.479549 0.729636 0.486482 0.738302 0.496880 0.736568 0.529809 0.701906 0.540208 0.677643 0.540208 0.655113 0.569671 0.606586 0.567938 0.584055 0.561005 0.538995 0.547140 0.523397 0.522877 0.502600 0.507279 0.471404 0.493414 0.443674
1 0.148527 0.409012 0.191854 0.426343 0.226516 0.459272 0.255979 0.493934 0.271577 0.537262 0.283709 0.575390 0.271577 0.594454 0.235182 0.597920 0.203986 0.578856 0.172790 0.578856 0.162392 0.585789 0.145061 0.597920 0.132929 0.601386 0.082669 0.590988 0.061872 0.568458 0.049740 0.514731 0.025477 0.497400 0.022010 0.473137 0.037608 0.438475 0.049740 0.421144 0.072270 0.393414 0.110399 0.388215 0.139861 0.398614 0.148527 0.409012
1 0.219584 0.653380 0.243847 0.634315 0.257712 0.646447 0.269844 0.656846 0.302773 0.681109 0.313172 0.694974 0.323570 0.729636 0.342634 0.788562 0.344367 0.830156 0.356499 0.859619 0.361698 0.889081 0.351300 0.909879 0.323570 0.920277 0.245581 0.902946 0.216118 0.889081 0.188388 0.870017 0.139861 0.861352 0.125997 0.849220 0.077470 0.798960 0.068804 0.772964 0.063605 0.722704 0.075737 0.703640 0.067071 0.694974 0.091334 0.679376 0.115598 0.674177 0.139861 0.665511 0.145061 0.667244 0.167591 0.662045 0.179723 0.648180 0.190121 0.639515 0.219584 0.653380
1 0.434489 0.781629 0.476083 0.769497 0.512478 0.771231 0.557539 0.771231 0.573137 0.793761 0.580069 0.835355 0.590468 0.875217 0.606066 0.899480 0.612998 0.930676 0.611265 0.958406 0.588735 0.972270 0.552340 0.972270 0.531542 0.963605 0.514211 0.963605 0.451820 0.967071 0.434489 0.972270 0.396360 0.960139 0.375563 0.939341 0.368631 0.925477 0.373830 0.896014 0.384229 0.833622 0.385962 0.807626 0.410225 0.788562 0.434489 0.781629